2,0.001,909,1.30404
2,0.0011,910,1.31495
2,0.0012,911,1.35418
2,0.0013,917,1.41177
2,0.0014,915,1.48741
2,0.0015,915,1.55751
2,0.0016,916,1.60098
2,0.0017,918,1.63064
2,0.0018,918,1.70205
2,0.0019,917,1.73482
2,0.002,918,1.80156
2,0.0021,919,1.90306
2,0.0022,918,1.9259
2,0.0023,920,2.00911
2,0.0024,920,2.06408
2,0.0025,920,2.15226
2,0.0026,920,2.26955
2,0.0027,919,2.35612
2,0.0028,918,2.34158
2,0.0029,917,2.41494
2,0.003,916,2.52882
2,0.0031,916,2.64823
2,0.0032,914,2.7111
2,0.0033,916,2.7303
2,0.0034,918,2.78491
2,0.0035,917,2.82331
2,0.0036,919,2.92316
2,0.0037,919,2.93617
2,0.0038,916,3.03442
2,0.0039,916,3.11281
2,0.004,913,3.17912
2,0.0041,912,3.28313
2,0.0042,910,3.2786
2,0.0043,910,3.30898
2,0.0044,910,3.5756
2,0.0045,907,4.10229
2,0.0046,906,4.36216
