2,0.0004,859,1.76985
2,0.0006,876,1.66841
2,0.0008,878,1.69146
2,0.001,891,1.56902
2,0.0012,895,1.56431
2,0.0014,900,1.55357
2,0.0016,906,1.57771
2,0.0018,909,1.61778
2,0.002,915,1.65878
2,0.0022,917,1.70481
2,0.0024,919,1.74516
2,0.0026,919,1.80683
2,0.0028,920,1.89127
2,0.003,919,1.90843
2,0.0032,919,2.01584
3,0.0004,867,1.63024
3,0.0006,873,1.52379
3,0.0008,890,1.53337
3,0.001,899,1.50959
3,0.0012,906,1.50023
3,0.0014,905,1.50476
3,0.0016,909,1.5542
3,0.0018,911,1.60022
3,0.002,913,1.60177
3,0.0022,916,1.64826
3,0.0024,917,1.69544
3,0.0026,918,1.76506
3,0.0028,921,1.83155
3,0.003,921,1.89229
3,0.0032,921,1.99477
4,0.0004,867,1.60119
4,0.0006,885,1.47334
4,0.0008,899,1.44343
4,0.001,903,1.45296
4,0.0012,907,1.46261
4,0.0014,908,1.46816
4,0.0016,912,1.51731
4,0.0018,913,1.55345
4,0.002,917,1.62136
4,0.0022,918,1.66554
4,0.0024,918,1.71237
4,0.0026,921,1.78009
4,0.0028,921,1.85933
4,0.003,920,1.95756
4,0.0032,922,1.9901
5,0.0004,868,1.61128
5,0.0006,890,1.47931
5,0.0008,901,1.43978
5,0.001,905,1.47558
5,0.0012,908,1.44788
5,0.0014,912,1.50008
5,0.0016,915,1.51127
5,0.0018,915,1.61239
5,0.002,916,1.65632
5,0.0022,916,1.74499
5,0.0024,917,1.7479
5,0.0026,919,1.7832
5,0.0028,920,1.97042
5,0.003,922,1.91251
5,0.0032,922,2.13563
6,0.0004,874,1.50984
6,0.0006,894,1.39796
6,0.0008,902,1.40811
6,0.001,907,1.3811
6,0.0012,910,1.55176
6,0.0014,916,1.48841
6,0.0016,914,1.57187
6,0.0018,914,1.58779
6,0.002,916,1.62709
6,0.0022,918,1.63954
6,0.0024,918,1.6917
6,0.0026,922,1.78171
6,0.0028,921,1.81057
6,0.003,922,1.97255
6,0.0032,923,2.08069
7,0.0004,878,1.41645
7,0.0006,895,1.39128
7,0.0008,904,1.48333
7,0.001,908,1.38027
7,0.0012,914,1.48855
7,0.0014,916,1.44538
7,0.0016,913,1.48977
7,0.0018,912,1.51923
7,0.002,919,1.61658
7,0.0022,919,1.70259
7,0.0024,920,1.74354
7,0.0026,923,1.81349
7,0.0028,921,1.81678
7,0.003,922,1.91908
7,0.0032,923,1.97934
8,0.0004,887,1.39429
8,0.0006,898,1.35272
8,0.0008,905,1.34829
8,0.001,910,1.38702
8,0.0012,914,1.41061
8,0.0014,915,1.43879
8,0.0016,914,1.52389
8,0.0018,915,1.62543
8,0.002,919,1.70668
8,0.0022,921,1.818
8,0.0024,922,1.94248
8,0.0026,922,1.92202
8,0.0028,921,2.14303
8,0.003,922,2.0042
8,0.0032,923,2.03358
