2,0.0004,912,2.54515
2,0.0006,926,2.54975
2,0.0008,932,2.6062
2,0.001,940,2.87018
2,0.0012,944,3.02235
2,0.0014,945,3.22157
2,0.0016,944,3.46774
2,0.0018,943,3.78275
2,0.002,945,4.07544
2,0.0022,944,4.41199
2,0.0024,942,4.79482
2,0.0026,944,5.0595
2,0.0028,944,5.27723
2,0.003,943,5.7339
2,0.0032,945,6.17737
3,0.0004,915,2.37728
3,0.0006,935,2.39439
3,0.0008,940,2.49117
3,0.001,943,2.70626
3,0.0012,943,2.92887
3,0.0014,946,3.28029
3,0.0016,944,3.46049
3,0.0018,944,3.73016
3,0.002,948,4.02652
3,0.0022,945,4.40514
3,0.0024,947,4.73177
3,0.0026,945,5.07671
3,0.0028,944,5.39083
3,0.003,944,5.82484
3,0.0032,946,6.05338
4,0.0004,923,2.29796
4,0.0006,935,2.3285
4,0.0008,941,2.45065
4,0.001,943,2.69565
4,0.0012,943,2.9475
4,0.0014,946,3.20915
4,0.0016,946,3.48973
4,0.0018,944,3.84449
4,0.002,947,4.11258
4,0.0022,946,4.38868
4,0.0024,946,4.71446
4,0.0026,945,5.10258
4,0.0028,944,5.5297
4,0.003,944,5.79137
4,0.0032,946,6.12229
5,0.0004,928,2.26685
5,0.0006,935,2.37707
5,0.0008,938,2.47235
5,0.001,944,2.73526
5,0.0012,945,2.9343
5,0.0014,945,3.18256
5,0.0016,944,3.46002
5,0.0018,943,3.73488
5,0.002,947,4.06881
5,0.0022,946,4.47137
5,0.0024,946,4.72963
5,0.0026,945,5.07764
5,0.0028,944,5.41291
5,0.003,944,5.83072
5,0.0032,945,6.16284
6,0.0004,929,2.25988
6,0.0006,934,2.3295
6,0.0008,938,2.48433
6,0.001,944,2.72815
6,0.0012,944,2.97414
6,0.0014,943,3.21124
6,0.0016,943,3.50929
6,0.0018,943,3.69893
6,0.002,947,4.11435
6,0.0022,946,4.40064
6,0.0024,946,4.73311
6,0.0026,944,5.00562
6,0.0028,943,5.36557
6,0.003,943,5.74895
6,0.0032,945,6.05839
7,0.0004,928,2.32284
7,0.0006,935,2.34749
7,0.0008,938,2.46605
7,0.001,942,2.69744
7,0.0012,942,2.99357
7,0.0014,942,3.25134
7,0.0016,943,3.44036
7,0.0018,943,3.7026
7,0.002,947,4.12645
7,0.0022,946,4.36231
7,0.0024,945,4.78357
7,0.0026,944,5.06383
7,0.0028,943,5.34033
7,0.003,943,5.83177
7,0.0032,945,6.0205
8,0.0004,929,2.20811
8,0.0006,933,2.39711
8,0.0008,938,2.47198
8,0.001,940,2.67071
8,0.0012,942,2.93976
8,0.0014,942,3.17539
8,0.0016,943,3.44926
8,0.0018,943,3.74308
8,0.002,947,4.13827
8,0.0022,945,4.46379
8,0.0024,945,4.7246
8,0.0026,944,5.0098
8,0.0028,943,5.32194
8,0.003,943,5.71002
8,0.0032,945,6.04096
