2,0.0004,788,0.732605
2,0.0006,787,0.755647
2,0.0008,783,0.809525
2,0.001,785,0.862773
2,0.0012,783,0.917661
2,0.0014,783,1.00336
2,0.0016,780,1.05298
2,0.0018,778,1.10846
2,0.002,774,1.19035
2,0.0022,775,1.23975
2,0.0024,775,1.31108
2,0.0026,772,1.36312
2,0.0028,771,1.38022
2,0.003,765,1.4406
2,0.0032,764,1.48213
3,0.0004,781,0.70531
3,0.0006,787,0.734665
3,0.0008,787,0.794432
3,0.001,782,0.84343
3,0.0012,782,0.910248
3,0.0014,785,0.984208
3,0.0016,781,1.02857
3,0.0018,778,1.09227
3,0.002,776,1.16534
3,0.0022,781,1.21863
3,0.0024,774,1.29338
3,0.0026,769,1.39878
3,0.0028,766,1.37647
3,0.003,761,1.47209
3,0.0032,758,1.48073
4,0.0004,786,0.686327
4,0.0006,781,0.734644
4,0.0008,785,0.775648
4,0.001,777,0.835152
4,0.0012,779,0.924433
4,0.0014,779,0.957647
4,0.0016,773,1.0235
4,0.0018,775,1.09321
4,0.002,772,1.14884
4,0.0022,768,1.21173
4,0.0024,766,1.26584
4,0.0026,763,1.38529
4,0.0028,760,1.4008
4,0.003,756,1.47781
4,0.0032,753,1.46362
5,0.0004,786,0.681982
5,0.0006,788,0.720091
5,0.0008,785,0.782522
5,0.001,779,0.922698
5,0.0012,772,0.910736
5,0.0014,778,0.949032
5,0.0016,769,1.0149
