2,0.0004,848,0.860223
2,0.0006,865,0.857214
2,0.0008,866,0.889572
2,0.001,872,0.961368
2,0.0012,873,1.05619
2,0.0014,872,1.1222
2,0.0016,875,1.19068
2,0.0018,875,1.29109
2,0.002,875,1.34365
2,0.0022,872,1.4488
2,0.0024,870,1.54053
2,0.0026,867,1.632
2,0.0028,864,1.73079
2,0.003,860,1.79735
2,0.0032,858,1.95904
3,0.0004,859,0.829297
3,0.0006,866,0.838212
3,0.0008,874,0.900606
3,0.001,878,0.936283
3,0.0012,879,1.00448
3,0.0014,881,1.06764
3,0.0016,879,1.15213
3,0.0018,875,1.27478
3,0.002,873,1.35275
3,0.0022,874,1.4241
3,0.0024,874,1.52069
3,0.0026,871,1.61788
3,0.0028,868,1.69646
3,0.003,862,1.81434
3,0.0032,859,1.92159
4,0.0004,864,0.798074
4,0.0006,875,0.809004
4,0.0008,877,0.849998
4,0.001,882,0.922929
4,0.0012,880,0.984327
4,0.0014,877,1.05708
4,0.0016,875,1.16151
4,0.0018,878,1.26185
4,0.002,876,1.3354
4,0.0022,873,1.41685
4,0.0024,876,1.57088
4,0.0026,872,1.62298
4,0.0028,863,1.77187
4,0.003,859,1.80108
4,0.0032,857,1.90291
5,0.0004,866,0.7921
5,0.0006,879,0.816988
5,0.0008,883,0.852877
5,0.001,881,0.965911
5,0.0012,878,0.980956
5,0.0014,878,1.05309
5,0.0016,878,1.13498
5,0.0018,874,1.23378
5,0.002,874,1.32993
5,0.0022,872,1.43634
5,0.0024,871,1.64745
5,0.0026,868,1.60174
5,0.0028,864,1.68874
5,0.003,860,1.82597
5,0.0032,859,1.86749
6,0.0004,872,0.77101
6,0.0006,879,0.814043
6,0.0008,880,0.860309
6,0.001,879,0.946815
6,0.0012,877,1.02553
6,0.0014,877,1.05753
6,0.0016,876,1.17604
6,0.0018,871,1.23325
6,0.002,874,1.37433
6,0.0022,873,1.45498
6,0.0024,870,1.53243
6,0.0026,868,1.61286
6,0.0028,863,1.69123
6,0.003,861,1.79824
6,0.0032,860,1.88076
7,0.0004,872,0.779649
7,0.0006,880,0.807733
7,0.0008,883,0.853455
7,0.001,880,0.908116
7,0.0012,880,0.990185
7,0.0014,875,1.11393
7,0.0016,874,1.22184
7,0.0018,871,1.25476
7,0.002,874,1.32047
7,0.0022,870,1.42547
7,0.0024,871,1.52362
7,0.0026,869,1.59972
7,0.0028,866,1.7242
7,0.003,862,1.83816
7,0.0032,859,1.91309
8,0.0004,878,0.783773
8,0.0006,881,0.798103
8,0.0008,886,0.835949
8,0.001,881,0.886574
8,0.0012,876,1.00573
8,0.0014,873,1.07679
8,0.0016,873,1.14465
8,0.0018,873,1.25995
8,0.002,872,1.31986
8,0.0022,870,1.42634
8,0.0024,872,1.52904
8,0.0026,870,1.58803
8,0.0028,866,1.68869
8,0.003,861,1.83685
8,0.0032,860,1.87792
