2,0.0004,916,0.935791
2,0.0006,919,1.00094
2,0.0008,919,1.13192
2,0.001,919,1.26089
2,0.0012,917,1.42752
2,0.0014,918,1.60513
2,0.0016,921,1.78763
2,0.0018,919,1.9628
2,0.002,916,2.10388
2,0.0022,911,2.63645
2,0.0024,908,2.41108
2,0.0026,901,2.57212
2,0.0028,896,2.72062
2,0.003,896,2.79515
2,0.0032,892,2.99158
3,0.0004,916,0.958695
3,0.0006,920,0.995516
3,0.0008,919,1.11334
3,0.001,917,1.25693
3,0.0012,918,1.40964
3,0.0014,921,1.59408
3,0.0016,924,1.76817
3,0.0018,918,1.93779
3,0.002,915,2.07301
3,0.0022,912,2.24945
3,0.0024,908,2.38559
3,0.0026,901,2.53767
3,0.0028,897,2.70617
3,0.003,896,2.80838
3,0.0032,892,2.97567
4,0.0004,918,0.874502
4,0.0006,922,1.01092
4,0.0008,916,1.09385
4,0.001,920,1.24407
4,0.0012,921,1.42765
4,0.0014,923,1.58117
4,0.0016,924,1.76424
4,0.0018,920,1.91964
4,0.002,917,2.10935
4,0.0022,915,2.26124
4,0.0024,909,2.38833
4,0.0026,902,2.58465
4,0.0028,897,2.73213
4,0.003,896,2.78318
4,0.0032,891,2.90794
5,0.0004,919,0.887532
5,0.0006,922,0.96354
5,0.0008,918,1.09868
5,0.001,919,1.2825
5,0.0012,921,1.44276
5,0.0014,923,1.65148
5,0.0016,926,1.74865
5,0.0018,921,1.92918
5,0.002,917,2.16854
5,0.0022,914,2.23199
5,0.0024,909,2.39789
5,0.0026,902,2.55472
5,0.0028,897,2.63388
5,0.003,895,2.79351
5,0.0032,891,2.93448
6,0.0004,922,0.86629
6,0.0006,921,0.967755
6,0.0008,918,1.12317
6,0.001,920,1.27753
6,0.0012,923,1.42525
6,0.0014,924,1.60438
6,0.0016,927,1.74265
6,0.0018,921,1.95733
6,0.002,918,2.11426
6,0.0022,914,2.25685
6,0.0024,909,2.39648
6,0.0026,902,2.54872
6,0.0028,897,2.71447
6,0.003,896,2.77886
6,0.0032,891,2.9014
7,0.0004,920,0.859846
7,0.0006,920,0.955726
7,0.0008,916,1.10072
7,0.001,922,1.25436
7,0.0012,923,1.43392
7,0.0014,924,1.61997
7,0.0016,926,1.75722
7,0.0018,921,1.93415
7,0.002,918,2.0818
7,0.0022,914,2.24531
7,0.0024,909,2.41631
7,0.0026,902,2.61591
7,0.0028,897,2.7384
7,0.003,896,2.94111
7,0.0032,891,3.02514
8,0.0004,921,0.866972
8,0.0006,920,0.988251
8,0.0008,917,1.0907
8,0.001,921,1.24871
8,0.0012,923,1.48712
8,0.0014,925,1.64413
8,0.0016,926,1.78391
8,0.0018,921,1.95675
8,0.002,918,2.11235
8,0.0022,914,2.2878
8,0.0024,909,2.42435
8,0.0026,902,2.557
8,0.0028,897,2.66784
8,0.003,896,2.83288
8,0.0032,891,2.91059
