2,0.0004,889,1.20027
2,0.0006,896,1.19047
2,0.0008,907,1.2125
2,0.001,909,1.27692
2,0.0012,911,1.36389
2,0.0014,915,1.47112
2,0.0016,916,1.57521
2,0.0018,918,1.69352
2,0.002,918,1.81367
2,0.0022,918,1.92975
2,0.0024,920,2.05969
2,0.0026,920,2.24184
2,0.0028,918,2.3379
2,0.003,916,2.47171
2,0.0032,914,2.57644
3,0.0004,889,1.1368
3,0.0006,903,1.11749
3,0.0008,907,1.1548
3,0.001,911,1.24481
3,0.0012,914,1.3235
3,0.0014,914,1.45976
3,0.0016,917,1.60724
3,0.0018,918,1.67004
3,0.002,918,1.79219
3,0.0022,921,1.96764
3,0.0024,921,2.06589
3,0.0026,922,2.20079
3,0.0028,919,2.36349
3,0.003,919,2.50444
3,0.0032,918,2.5997
4,0.0004,892,1.06902
4,0.0006,903,1.08933
4,0.0008,909,1.1514
4,0.001,911,1.22228
4,0.0012,912,1.32664
4,0.0014,918,1.41735
4,0.0016,918,1.58011
4,0.0018,918,1.67272
4,0.002,918,1.79758
4,0.0022,923,1.93412
4,0.0024,921,2.08891
4,0.0026,923,2.19747
4,0.0028,918,2.35149
4,0.003,918,2.46185
4,0.0032,915,2.60068
5,0.0004,898,1.04991
5,0.0006,904,1.06515
5,0.0008,909,1.11778
5,0.001,911,1.20995
5,0.0012,913,1.32015
5,0.0014,916,1.43041
5,0.0016,916,1.56678
5,0.0018,919,1.7112
5,0.002,919,1.79522
5,0.0022,924,1.89994
5,0.0024,923,2.05676
5,0.0026,922,2.21773
5,0.0028,918,2.31042
5,0.003,917,2.5068
5,0.0032,916,2.67143
6,0.0004,896,1.04374
6,0.0006,906,1.06845
6,0.0008,912,1.11129
6,0.001,915,1.21852
6,0.0012,914,1.3017
6,0.0014,915,1.41733
6,0.0016,917,1.55392
6,0.0018,920,1.68784
6,0.002,919,1.7661
6,0.0022,924,1.93865
6,0.0024,923,2.06485
6,0.0026,923,2.23698
6,0.0028,918,2.31385
6,0.003,917,2.51195
6,0.0032,916,2.6081
7,0.0004,897,1.02026
7,0.0006,911,1.06454
7,0.0008,908,1.11252
7,0.001,913,1.1947
7,0.0012,913,1.29361
7,0.0014,916,1.44765
7,0.0016,918,1.5565
7,0.0018,920,1.67332
7,0.002,921,1.78627
7,0.0022,923,1.89471
7,0.0024,923,2.10844
7,0.0026,923,2.23852
7,0.0028,918,2.34676
7,0.003,917,2.59139
7,0.0032,916,2.62112
8,0.0004,898,1.02716
8,0.0006,910,1.06803
8,0.0008,909,1.17176
8,0.001,910,1.20676
8,0.0012,912,1.30837
8,0.0014,916,1.44367
8,0.0016,918,1.52354
8,0.0018,919,1.67179
8,0.002,920,1.76946
8,0.0022,923,1.91975
8,0.0024,923,2.05428
8,0.0026,923,2.20006
8,0.0028,918,2.33104
8,0.003,917,2.50054
8,0.0032,916,2.68779
